4 0b000901 0b000a01 10000 100 5444 1000032281 7464 7421
1 0b001101 0b001301 10000 100 70220 1000003221 62144 61712
0 0b000101 0b000001 10000 100 86223 1000000000 75651 75122
2 0b000f01 0b000c01 10000 100 107287 1000011388 93426 92771
9 0b001a01 0b001901 10000 100 5107 1000115889 7194 7151
5 0b001801 0b000201 10000 100 97865 1000051115 139255 92206
8 0b001f01 0b001d01 10000 100 102284 1000108754 90068 88579
10 0b000201 0b000301 10000 100 129010 1000155498 144248 110986
21 0b000e01 0b000d01 10000 100 21569 1000263614 56244 20929
16 0b001f01 0b001c01 10000 100 176120 1000215794 159976 150460
12 0b001e01 0b001f01 10000 100 313213 1000175597 277023 265340
11 0b001a01 0b001901 10001 100 365968 1000164267 311723 309520
20 0b001601 0b001701 10001 100 77941 1000249221 254696 68154
6 0b000101 0b000501 10000 100 256610 1000099395 431479 221568
30 0b001501 0b001701 10000 100 13677 1000528395 38720 14311
26 0b000401 0b000601 10000 100 74416 1000476145 91586 65220
29 0b000e01 0b000f01 10000 100 28674 1000525796 74938 26879
38 0b001801 0b001b01 10000 100 9306 1000605131 10729 10662
40 0b000a01 0b000901 10000 100 12859 1000619390 13992 13619
3 0b000701 0b000501 10000 100 384340 1000019410 615992 324940
18 0b000001 0b000301 10000 100 480458 1000233491 440558 405482
27 0b000f01 0b000d01 10000 100 184167 1000488949 224150 157201
41 0b001d01 0b001c01 10000 100 65137 1000639252 78114 57455
33 0b001f01 0b001a01 10000 100 145561 1000555349 195549 128510
13 0b001601 0b001701 10000 100 228889 1000190575 580138 194651
54 0b000401 0b000701 10000 100 51623 1000781543 48281 46112
51 0b000001 0b000201 10000 100 127988 1000732461 115571 110092
53 0b000201 0b000101 10000 100 125160 1000754277 113604 107754
39 0b000601 0b000501 10000 100 219317 1000607929 276916 186651
36 0b000701 0b001c01 10000 100 79220 1000595641 291109 76606
14 0b001701 0b001401 10000 100 328970 1000195517 699992 278516
45 0b000c01 0b000f01 10000 100 233067 1000699656 200170 198183
47 0b001201 0b001001 10000 100 178595 1000710547 209321 152516
23 0b001701 0b001501 10000 100 246803 1000278975 672687 209666
37 0b000501 0b000601 10000 100 292542 1000601981 364613 248005
57 0b000901 0b000801 10000 100 68885 1000872222 95136 60568
46 0b000801 0b000a01 10000 100 307414 1000706394 270824 260473
68 0b000a01 0b000b01 10000 100 16872 1000960753 32129 16981
17 0b001601 0b001301 10000 100 290721 1000219980 814158 250148
55 0b001501 0b001601 10000 100 88315 1000816675 226181 76872
73 0b000f01 0b000c01 10001 100 51747 1001000003 46530 46211
48 0b000d01 0b000e01 10000 100 413084 1000721095 363828 349037
65 0b001801 0b001a01 10000 100 95608 1000941927 169667 82972
79 0b001001 0b001201 10000 100 11933 1001095865 22237 12840
43 0b000501 0b001201 10000 100 153753 1000687205 479703 139044
76 0b001201 0b001301 10000 100 120133 1001038483 143071 103542
63 0b000201 0b001001 10000 100 85270 1000931190 322658 81674
58 0b001301 0b001001 10000 100 233591 1000877434 404617 198602
22 0b001601 0b001501 10000 100 403123 1000277716 1013261 340688
28 0b001701 0b001501 10001 100 327609 1000513020 809565 277389
86 0b000f01 0b000c01 10002 100 183729 1001207801 157924 156813
67 0b000701 0b000401 10000 100 113810 1000955061 441522 98218
78 0b000a01 0b001401 10000 100 69150 1001071796 335804 68170
96 0b001b01 0b001a01 10000 100 31081 1001337692 86221 28918
87 0b001f01 0b001c01 10001 100 274793 1001208320 275651 233122
85 0b001001 0b001401 10000 100 58396 1001205401 283588 55472
97 0b000201 0b000101 10002 100 32540 1001395035 97043 30124
70 0b000701 0b001801 10000 100 74706 1000985636 514192 72804
90 0b001401 0b001601 10000 100 155599 1001239800 269306 133245
94 0b001a01 0b001801 10000 100 238187 1001300253 259194 202469
64 0b001501 0b001701 10001 100 259961 1000938013 624040 220686
88 0b000a01 0b000901 10002 100 144702 1001231751 334895 124109
106 0b001201 0b001101 10000 100 2651 1001567741 5710 5072
81 0b000301 0b000001 10001 100 180110 1001118432 473034 153804
71 0b000201 0b000101 10001 100 240392 1000989546 614174 204309
82 0b000801 0b001701 10000 100 83841 1001119875 490719 80454
60 0b001c01 0b001e01 10000 100 495559 1000899090 719460 418133
42 0b000601 0b001601 10000 100 303435 1000650050 972957 264490
108 0b000201 0b001801 10000 100 9424 1001582139 52400 18109
92 0b001d01 0b001e01 10000 100 203891 1001250327 385016 173702
72 0b000801 0b001b01 10000 100 152696 1000991054 654889 138160
25 0b000701 0b000d01 10000 100 430922 1000430688 1249360 367629
74 0b000301 0b000001 10000 100 308616 1001016258 665209 261472
109 0b000301 0b000101 10001 100 29205 1001590382 99399 27342
112 0b000101 0b001c01 10000 100 41413 1001645593 68255 44916
15 0b000701 0b000601 10000 100 603404 1000207211 1507559 508513
110 0b001701 0b000301 10000 100 42075 1001597420 118279 45484
102 0b000d01 0b000f01 10000 100 200578 1001537208 181751 170938
116 0b001a01 0b001501 10000 100 7250 1001742567 22731 12618
62 0b001101 0b001001 10000 100 398696 1000917329 861765 336956
50 0b001101 0b001301 10001 100 540524 1000727837 1053652 455815
44 0b001001 0b001801 10000 100 383697 1000693132 1092493 328063
89 0b001b01 0b000301 10000 100 209087 1001238761 556478 185439
52 0b001c01 0b000901 10000 100 309374 1000735095 1060715 269469
113 0b001701 0b000001 10000 100 35722 1001721993 95381 40135
91 0b001601 0b001901 10000 100 191544 1001248354 590965 167045
69 0b001d01 0b001f01 10000 100 742229 1000972339 878290 624855
114 0b001601 0b001501 10001 100 125820 1001725034 171096 108282
84 0b000401 0b000701 10001 100 346826 1001155490 741583 293484
83 0b000401 0b000501 10000 100 389132 1001124541 783971 328963
129 0b000701 0b000601 10001 100 24785 1001889692 37420 23616
59 0b001801 0b001901 10000 100 603246 1000888551 1112485 508386
122 0b000b01 0b000901 10000 100 119890 1001811895 193847 103310
132 0b001a01 0b001801 10001 100 76441 1001922013 109579 66916
93 0b001401 0b001701 10000 100 617766 1001256476 796419 520534
100 0b000401 0b000501 10001 100 379871 1001442767 636842 321174
104 0b000901 0b000b01 10000 100 349739 1001558417 525963 295929
130 0b000501 0b000601 10001 100 166223 1001896664 235763 142162
107 0b001001 0b001801 10001 100 249097 1001579649 572624 215291
155 0b000401 0b001e01 10000 100 3878 1002143620 21689 13444
144 0b000001 0b000d01 10000 100 57076 1002075284 97943 54378
140 0b001401 0b001601 10001 100 105513 1002042680 147244 91276
145 0b001101 0b001601 10000 100 13290 1002081957 116683 17678
127 0b000d01 0b001101 10000 100 89858 1001874704 342304 85496
101 0b000301 0b000101 10000 100 390326 1001469453 758466 329956
153 0b000e01 0b000f01 10001 100 14738 1002124695 103627 15198
61 0b000201 0b000001 10000 100 928411 1000911187 1347376 780868
156 0b000e01 0b000f01 10002 100 10216 1002196579 79284 11428
174 0b000101 0b000201 10000 100 49321 1002376314 72365 44194
151 0b000701 0b000501 10001 100 150118 1002118128 335470 128670
120 0b001d01 0b001501 10000 100 90742 1001804816 701965 82565
34 0b000901 0b001601 10000 100 431516 1000583412 1946816 371818
103 0b000301 0b000201 10000 100 567842 1001552225 980665 478695
177 0b000c01 0b000e01 10000 100 38163 1002432349 119152 34850
134 0b001201 0b001101 10001 100 330683 1001941503 627059 279962
80 0b001b01 0b001901 10000 100 689461 1001108467 1469482 580626
160 0b001701 0b001501 10002 100 122491 1002252090 365405 105504
136 0b000701 0b000601 10002 100 322105 1001968635 686183 272796
170 0b000b01 0b000801 10000 100 222693 1002318016 337151 189466
128 0b000f01 0b000c01 10006 100 143579 1001882337 775772 123173
180 0b000701 0b000401 10001 100 46319 1002560284 99036 41679
142 0b000e01 0b001b01 10000 100 119964 1002057339 603186 110721
178 0b000201 0b000d01 10000 100 65679 1002535740 153499 61565
187 0b001001 0b000601 10000 100 3678 1002646435 57078 13284
163 0b000401 0b001101 10000 100 215966 1002274966 433757 191170
139 0b001f01 0b001c01 10002 100 297217 1002029806 701188 251935
164 0b001e01 0b001d01 10000 100 277286 1002285296 448306 235230
172 0b000d01 0b000e01 10001 100 464754 1002331726 451643 392311
190 0b001b01 0b000901 10000 100 10153 1002733909 62181 18730
182 0b001901 0b000901 10000 100 86778 1002602422 213926 82918
98 0b000f01 0b000c01 10003 100 656546 1001399965 1526238 553040
162 0b000301 0b000101 10002 100 535169 1002273519 654669 451341
198 0b001d01 0b001201 10000 100 5780 1002897268 50178 11366
176 0b001b01 0b001801 10000 100 223107 1002388204 560009 189835
133 0b000c01 0b001d01 10000 100 351462 1001939360 1013317 304735
77 0b000e01 0b001e01 10000 100 220563 1001053849 1904062 195038
19 0b000e01 0b001201 10000 100 582355 1000247025 2767497 498228
119 0b001801 0b001a01 10001 100 685953 1001762998 1255700 577668
181 0b000801 0b000601 10000 100 169704 1002577192 441741 148737
202 0b000501 0b000601 10005 100 15959 1002948874 92815 16213
199 0b000301 0b000201 10001 100 155901 1002903447 146910 133486
184 0b001401 0b001501 10000 100 303147 1002614779 458566 256907
159 0b000c01 0b000f01 10001 100 382388 1002238399 838847 323302
204 0b000b01 0b000801 10001 100 50487 1003001865 83847 45165
105 0b001701 0b001401 10001 100 738408 1001563328 1524548 621646
99 0b000a01 0b001201 10000 100 388523 1001419562 1702918 335790
195 0b001c01 0b001f01 10000 100 65616 1002846763 279624 57838
7 0b000e01 0b000801 10000 100 1271474 1000104614 3023322 1072029
205 0b001601 0b001501 10002 100 27331 1003033227 95263 25766
66 0b000a01 0b000901 10001 100 1070253 1000949882 2217814 899738
213 0b000601 0b000501 10002 100 33896 1003109875 63049 31246
167 0b001d01 0b001e01 10001 100 392655 1002302220 876025 331896
208 0b000701 0b000401 10002 100 67146 1003062942 126362 59138
141 0b001501 0b001401 10001 100 187814 1002045968 1154856 160233
185 0b001201 0b000001 10000 100 147735 1002625356 581715 134002
169 0b001601 0b001401 10000 100 330262 1002310221 910605 279625
200 0b000901 0b000b01 10001 100 185462 1002918871 330478 158275
75 0b000201 0b001d01 10000 100 457089 1001020504 2231228 393265
193 0b001a01 0b001b01 10000 100 484276 1002786117 494697 408688
215 0b000201 0b001a01 10000 100 43924 1003124744 163882 47001
115 0b001001 0b001f01 10000 100 277617 1001738576 1550122 239171
137 0b000e01 0b000d01 10001 100 397335 1002001000 1304176 335830
210 0b000b01 0b000901 10001 100 204052 1003078058 228558 173869
183 0b001101 0b001301 10002 100 383021 1002609984 724045 323846
218 0b000301 0b000001 10002 100 196220 1003159659 178463 167300
123 0b001f01 0b001e01 10000 100 958349 1001815794 1538161 805959
161 0b000501 0b000601 10002 100 310867 1002259386 1106267 263349
230 0b000a01 0b000b01 10003 100 12356 1003315128 65155 13216
117 0b000f01 0b000d01 10001 100 360126 1001747307 1645908 304656
196 0b001c01 0b001d01 10000 100 150369 1002852584 563158 128871
236 0b000e01 0b000d01 10002 100 3841 1003407256 16405 6062
209 0b001101 0b001001 10001 100 88706 1003074709 408799 77184
220 0b001601 0b001501 10003 100 106255 1003181038 346647 91908
171 0b000a01 0b000801 10000 100 341928 1002320339 1220192 289376
243 0b001401 0b000a01 10000 100 32605 1003487058 58627 37528
124 0b000f01 0b000c01 10004 100 352099 1001821241 1732237 297931
233 0b000a01 0b000901 10003 100 37314 1003380436 185556 34133
237 0b001f01 0b001d01 10001 100 210186 1003408290 204259 179004
35 0b001101 0b001a01 10000 100 317106 1000593632 3062967 272282
166 0b001601 0b001701 10002 100 522978 1002296825 1373717 441094
252 0b001301 0b001201 10000 100 45584 1003638175 66944 41053
157 0b000f01 0b000d01 10003 100 298092 1002220246 1486444 252673
175 0b000501 0b000601 10003 100 306031 1002381339 1332311 259328
245 0b000701 0b001b01 10000 100 61813 1003519096 203178 61996
253 0b000a01 0b000801 10002 100 21040 1003646254 82300 20506
149 0b000a01 0b000b01 10001 100 485961 1002101844 1636042 410074
212 0b000701 0b000601 10003 100 272495 1003091251 647815 231208
248 0b001501 0b001701 10003 100 30888 1003549429 192964 28726
257 0b001801 0b001901 10001 100 36841 1003714952 49085 33716
241 0b001e01 0b001c01 10000 100 255638 1003449645 348248 217076
263 0b001301 0b001001 10001 100 14691 1003779724 20681 15160
211 0b001701 0b001601 10001 100 255791 1003086617 716574 217198
261 0b001201 0b001301 10001 100 33396 1003772029 39580 30846
226 0b001501 0b001401 10003 100 118966 1003274009 666443 102532
216 0b000501 0b000401 10001 100 200873 1003133954 815102 171174
173 0b000501 0b000401 10000 100 415184 1002348169 1605784 350793
247 0b001701 0b001001 10000 100 129316 1003543485 413201 114906
268 0b001201 0b001101 10002 100 136032 1003835954 141865 116869
231 0b000101 0b001001 10000 100 171923 1003342891 647641 154264
265 0b001e01 0b001f01 10001 100 159209 1003818626 174088 136285
223 0b001901 0b001e01 10000 100 252622 1003205404 794002 218225
240 0b000601 0b000701 10000 100 213514 1003427225 574923 181781
239 0b000001 0b000101 10000 100 317257 1003423345 586877 268727
272 0b001301 0b001201 10001 100 99722 1003897857 176464 86415
242 0b000e01 0b001901 10000 100 249496 1003472419 607480 219286
152 0b001c01 0b001201 10000 100 580078 1002123630 1957598 492654
165 0b001d01 0b000701 10000 100 349352 1002293305 1788265 302971
270 0b001a01 0b001b01 10001 100 105136 1003874190 218362 90974
266 0b001901 0b001a01 10001 100 66565 1003828890 285053 58636
235 0b000401 0b000601 10001 100 361080 1003400331 727022 305458
143 0b000e01 0b000c01 10000 100 758504 1002063888 2080002 638483
219 0b000801 0b000301 10000 100 501827 1003163182 992903 427051
150 0b000b01 0b000f01 10000 100 480705 1002105275 2057785 409356
259 0b001401 0b001701 10001 100 160316 1003750173 430752 137208
249 0b001701 0b001401 10002 100 241706 1003559242 628905 205398
214 0b001b01 0b001a01 10002 100 280719 1003123707 1085884 238091
192 0b000201 0b000101 10003 100 1097033 1002778623 1434154 922188
246 0b001d01 0b000e01 10000 100 110084 1003538796 710604 102475
206 0b001001 0b001d01 10000 100 195804 1003035055 1224276 170605
207 0b000601 0b000501 10001 100 667023 1003056879 1214725 561840
260 0b001401 0b001701 10002 100 190060 1003756403 516068 162144
288 0b001701 0b001601 10002 100 11408 1004234142 39338 12420
227 0b000a01 0b000801 10001 100 377091 1003280341 1001762 318874
221 0b000a01 0b000b01 10002 100 450214 1003189637 1153217 380147
295 0b001a01 0b001b01 10002 100 11786 1004371731 31228 12722
281 0b000501 0b000701 10000 100 93926 1004091378 316339 81550
289 0b001201 0b001101 10003 100 56402 1004248159 163518 50125
269 0b000401 0b000701 10002 100 313829 1003838464 589585 265833
224 0b001101 0b000e01 10000 100 145516 1003241589 1209436 132150
271 0b001801 0b001b01 10002 100 275997 1003875695 588178 234123
168 0b001701 0b001601 10000 100 916660 1002306978 2190251 771012
225 0b001901 0b001a01 10000 100 473781 1003261285 1280999 399874
250 0b000d01 0b000c01 10000 100 446252 1003617617 960239 376825
56 0b000701 0b001c01 10001 100 886326 1000830427 3762760 752956
305 0b000a01 0b001901 10000 100 19515 1004561484 47200 26562
302 0b000301 0b000201 10002 100 81778 1004491184 128162 71376
238 0b000101 0b000001 10001 100 319521 1003418350 1203003 270614
294 0b001601 0b001401 10001 100 100531 1004366482 273231 87100
146 0b000a01 0b000f01 10000 100 515007 1002090151 2566297 438127
312 0b001d01 0b001c01 10001 100 16479 1004624547 39368 16667
311 0b001101 0b001301 10003 100 23772 1004609765 80643 22767
310 0b000701 0b000601 10005 100 44458 1004597566 135137 40114
186 0b001e01 0b001a01 10000 100 366735 1002635445 2106967 313848
301 0b000201 0b000301 10001 100 150688 1004490033 258919 129126
323 0b000901 0b000a01 10001 100 24298 1004714139 41299 23226
279 0b000601 0b000701 10001 100 297617 1004051828 705050 252255
282 0b000701 0b000601 10004 100 402515 1004093262 664845 340164
121 0b000901 0b001601 10001 100 251149 1001807049 2971522 220685
329 0b000901 0b000b01 10003 100 21501 1004755021 60526 20874
309 0b000e01 0b001801 10000 100 39313 1004595511 232294 43160
229 0b000101 0b000301 10000 100 454237 1003308036 1534920 383517
315 0b000401 0b000701 10003 100 111906 1004662288 216243 96618
324 0b000101 0b000501 10001 100 21123 1004715582 164580 24248
321 0b001a01 0b001b01 10003 100 89964 1004707762 190501 78229
258 0b001801 0b001b01 10001 100 826220 1003746648 1158127 695240
232 0b000601 0b000501 10003 100 715067 1003368056 1554972 602099
254 0b000101 0b000201 10002 100 356392 1003653759 1270081 301517
335 0b000e01 0b000c01 10001 100 30027 1004832105 119715 28037
131 0b001b01 0b001a01 10001 100 1054938 1001916664 3035839 886878
322 0b000401 0b000701 10004 100 132382 1004711319 270530 113797
256 0b001b01 0b001a01 10003 100 328880 1003676986 1309009 278444
273 0b001501 0b000a01 10000 100 128400 1003945392 1042053 117812
316 0b000301 0b000201 10003 100 92908 1004681453 332834 80698
317 0b000e01 0b000d01 10004 100 83419 1004690092 337368 72765
342 0b000201 0b000001 10001 100 48633 1004988817 46211 43606
299 0b000d01 0b000e01 10002 100 232616 1004477904 564471 197784
304 0b000e01 0b000f01 10003 100 140760 1004551168 524762 120804
292 0b001c01 0b001001 10000 100 379709 1004266504 817275 324721
296 0b000e01 0b000d01 10003 100 259567 1004384271 699801 220371
228 0b000c01 0b000e01 10001 100 499249 1003291228 1827297 421237
286 0b001b01 0b001a01 10004 100 380313 1004197286 925140 321566
264 0b000c01 0b000f01 10003 100 225733 1003815893 1309367 192012
277 0b001401 0b001501 10001 100 409273 1003996771 1142257 345836
332 0b000c01 0b000e01 10003 100 51219 1004798009 379696 45789
290 0b001701 0b000501 10000 100 299492 1004255655 938327 261183
298 0b001501 0b001701 10005 100 90494 1004420238 775311 78691
347 0b000601 0b000501 10004 100 30920 1005155020 41574 28752
349 0b000101 0b000201 10003 100 9175 1005169492 29387 10558
307 0b001501 0b001701 10006 100 75499 1004586378 656733 66125
339 0b000001 0b000801 10001 100 60902 1004976794 286133 57553
49 0b001a01 0b000b01 10000 100 790918 1000725893 4552193 672982
346 0b000c01 0b000f01 10005 100 38650 1005152277 173256 35240
284 0b001101 0b000e01 10001 100 200421 1004113868 1242823 178164
320 0b001301 0b000e01 10000 100 101443 1004705860 675900 95220
345 0b000201 0b000301 10002 100 202669 1005144842 243986 172687
244 0b000f01 0b000e01 10000 100 414114 1003508469 1881708 349899
355 0b000501 0b000601 10006 100 41392 1005228211 179229 37547
179 0b001001 0b001c01 10000 100 658545 1002557235 2858308 558392
357 0b001d01 0b001e01 10002 100 44964 1005306576 156879 40519
306 0b000301 0b000101 10003 100 291819 1004580797 905206 247389
360 0b001101 0b001301 10004 100 25315 1005348669 153018 24078
359 0b001701 0b001601 10003 100 72161 1005337226 180198 63340
118 0b001501 0b001601 10001 100 653423 1001753473 3784126 550428
333 0b000301 0b000701 10000 100 197390 1004814541 725556 171950
370 0b000f01 0b000c01 10008 100 719 1005607092 3890 3226
351 0b000b01 0b000801 10002 100 385382 1005190537 428200 325811
234 0b000101 0b000201 10001 100 996254 1003385685 2243370 837727
24 0b001501 0b001401 10000 100 1467670 1000282416 5393610 1232758
381 0b000401 0b000301 10000 100 1161 1005698630 7645 7518
336 0b000f01 0b000d01 10004 100 183849 1004846424 867130 156909
362 0b000801 0b000b01 10000 100 105035 1005417666 327296 90894
267 0b000c01 0b000e01 10002 100 399368 1003831908 1950031 337532
326 0b000901 0b000b01 10002 100 538520 1004725293 1058127 454136
364 0b000601 0b000701 10002 100 266875 1005535901 308884 226484
287 0b000c01 0b000f01 10004 100 326671 1004211540 1634459 276600
382 0b000201 0b000301 10003 100 143019 1005707502 144828 122725
276 0b000f01 0b000c01 10007 100 424787 1003967265 1928611 358817
197 0b000501 0b000601 10004 100 897744 1002873151 3023179 755157
308 0b001701 0b001501 10003 100 452274 1004592638 1334482 381871
383 0b001301 0b001201 10002 100 68072 1005710710 220255 59917
337 0b000901 0b001601 10002 100 316754 1004914771 1060157 275639
377 0b000701 0b000501 10002 100 251199 1005673935 314874 213373
384 0b001801 0b001b01 10003 100 277655 1005729301 263052 235526
368 0b000901 0b000b01 10004 100 140506 1005587873 411248 120600
380 0b001501 0b001701 10008 100 46438 1005694902 314299 41774
396 0b001f01 0b001d01 10002 100 49744 1005897915 113863 44533
340 0b001601 0b001501 10006 100 150557 1004982522 1061988 129021
375 0b000b01 0b000801 10003 100 321577 1005663745 394110 272335
389 0b000701 0b000401 10003 100 139853 1005816042 255191 120040
275 0b000501 0b000401 10002 100 708049 1003955712 2170549 596219
392 0b000801 0b000a01 10002 100 59065 1005860533 266061 52370
391 0b000301 0b000001 10003 100 74270 1005848024 293545 65104
387 0b001f01 0b001e01 10001 100 268487 1005798139 347716 227849
390 0b000801 0b000a01 10001 100 74338 1005843277 305788 65158
402 0b001801 0b001a01 10002 100 92210 1006006404 163137 80140
330 0b000501 0b000701 10001 100 437425 1004769147 1428090 369422
394 0b001901 0b001a01 10002 100 274119 1005881921 317588 232583
188 0b000c01 0b000f01 10002 100 1235394 1002682097 3528107 1038121
403 0b001c01 0b000e01 10000 100 33366 1006008231 218610 38174
353 0b001c01 0b001201 10001 100 281150 1005212622 1038511 242150
374 0b000901 0b000a01 10002 100 359799 1005656850 610623 304357
348 0b000001 0b000101 10001 100 744369 1005165279 1109282 626643
385 0b000e01 0b000f01 10004 100 204763 1005736525 540522 174438
293 0b000501 0b000401 10003 100 695801 1004349381 1939993 585926
376 0b000301 0b000201 10005 100 184955 1005667697 641140 157832
416 0b000d01 0b000f01 10001 100 65809 1006247326 80262 57993
418 0b000e01 0b001801 10001 100 8028 1006299424 43949 16954
415 0b000801 0b001301 10000 100 34549 1006243951 110483 39159
408 0b001801 0b001901 10002 100 140149 1006162540 212712 120315
417 0b000101 0b000301 10001 100 97110 1006276616 105140 84250
400 0b000001 0b000201 10001 100 245085 1005951555 444326 208254
361 0b000801 0b000e01 10000 100 357596 1005406559 991420 306194
369 0b000801 0b000b01 10001 100 314366 1005602458 836324 266300
395 0b000601 0b001001 10000 100 165173 1005887559 552587 148636
325 0b000301 0b000201 10004 100 556278 1004717852 1735297 469026
367 0b000301 0b000101 10004 100 295717 1005574132 879101 250659
262 0b000c01 0b001f01 10000 100 721640 1003775053 2751122 614938
409 0b001401 0b001501 10002 100 94601 1006167100 366703 82128
411 0b001401 0b001601 10002 100 95322 1006188734 348299 82743
423 0b000c01 0b000f01 10006 100 184026 1006349956 244171 157088
338 0b001101 0b001001 10002 100 284327 1004948569 1657787 241129
189 0b001501 0b001401 10002 100 591573 1002687800 3931753 498592
421 0b000901 0b000a01 10003 100 319933 1006320664 312116 270944
222 0b001601 0b001501 10004 100 1058740 1003191129 3447754 890072
365 0b001d01 0b001e01 10003 100 221167 1005548387 1094622 188207
422 0b000d01 0b000c01 10001 100 99029 1006342264 310520 85861
430 0b000e01 0b001b01 10001 100 6341 1006620721 54352 15528
358 0b001c01 0b001d01 10001 100 703755 1005332737 1344500 592594
427 0b001c01 0b001f01 10001 100 46773 1006568065 115215 42042
125 0b000f01 0b000c01 10005 100 1204078 1001838128 4852743 1011890
371 0b001d01 0b001f01 10002 100 217632 1005608912 1092327 185227
341 0b001001 0b001201 10002 100 331833 1004983579 1745963 280920
419 0b000e01 0b000d01 10006 100 90443 1006305994 495956 78650
386 0b000e01 0b000c01 10002 100 268112 1005790873 1016715 227549
406 0b000a01 0b000901 10004 100 640234 1006109588 701912 539383
300 0b000f01 0b001701 10000 100 244392 1004485117 2341322 215013
443 0b000c01 0b001401 10000 100 9108 1006795064 53764 17856
437 0b000b01 0b000901 10002 100 163576 1006673759 221150 139930
251 0b000001 0b000801 10000 100 688206 1003634472 3297791 583260
429 0b000701 0b000101 10000 100 234370 1006591289 369674 202940
147 0b000f01 0b000d01 10002 100 1427168 1002091873 4910996 1198836
441 0b000501 0b000401 10004 100 148870 1006770356 265975 127596
457 0b000c01 0b000301 10000 100 16989 1006987112 59427 20751
442 0b000701 0b000401 10004 100 182681 1006778703 279317 155936
314 0b001a01 0b000a01 10000 100 191431 1004642911 2445244 170630
440 0b001c01 0b001d01 10003 100 72240 1006713479 377320 63404
454 0b001701 0b000201 10000 100 15885 1006950079 146222 23506
410 0b000e01 0b000d01 10005 100 213884 1006170855 939781 182077
432 0b000101 0b000301 10002 100 427448 1006627791 483423 361060
467 0b001601 0b001401 10002 100 16648 1007057106 84652 16802
446 0b001701 0b001501 10005 100 61638 1006821953 336757 54504
447 0b001e01 0b001d01 10001 100 159012 1006831143 332758 136127
404 0b001701 0b001401 10003 100 331257 1006010292 1155854 280459
352 0b001201 0b001001 10001 100 919724 1005209747 1959617 773577
373 0b001001 0b001101 10000 100 261796 1005652410 1542132 222230
420 0b000e01 0b000f01 10005 100 198571 1006313995 898627 169256
434 0b001e01 0b001c01 10001 100 378623 1006649180 565428 320138
297 0b000e01 0b000b01 10000 100 411316 1004386863 2885549 351222
462 0b001901 0b000c01 10000 100 62769 1007030929 253620 62799
425 0b000301 0b000201 10006 100 586220 1006516464 773993 494120
354 0b001501 0b001701 10007 100 287833 1005224265 2071597 244048
474 0b000901 0b000b01 10005 100 53631 1007125679 194546 47794
135 0b001c01 0b001501 10000 100 278267 1001948263 5417101 239729
313 0b001d01 0b001001 10000 100 732552 1004632566 2745995 620409
470 0b000201 0b000001 10002 100 244799 1007090914 307428 207987
283 0b001101 0b001201 10001 100 716738 1004103559 3325680 603474
461 0b000901 0b000801 10001 100 139060 1007027389 402394 119406
194 0b001c01 0b000301 10000 100 772389 1002803189 4636984 657475
491 0b000501 0b000401 10005 100 35125 1007393272 52971 32306
466 0b000801 0b000b01 10003 100 138149 1007051208 395081 118639
328 0b001101 0b000b01 10000 100 203370 1004750842 2714307 180638
431 0b001601 0b001701 10003 100 156726 1006627278 842215 134184
448 0b000301 0b001201 10000 100 83690 1006850481 632626 80334
485 0b000201 0b000301 10004 100 161803 1007289287 204489 138436
191 0b001101 0b001201 10000 100 1274645 1002756981 4744066 1071004
503 0b001d01 0b001f01 10003 100 4325 1007484798 21693 6488
449 0b001801 0b001b01 10005 100 234679 1006855893 661379 199511
436 0b001301 0b001001 10002 100 314299 1006670386 874425 266247
303 0b001d01 0b001f01 10001 100 1050873 1004550331 3000110 883474
502 0b000601 0b000501 10007 100 11168 1007482595 74263 12228
439 0b001b01 0b001a01 10005 100 302793 1006700536 859509 256586
401 0b000801 0b001001 10000 100 133825 1005962789 1597890 122342
399 0b001d01 0b001e01 10004 100 389770 1005937674 1633016 329474
331 0b001601 0b001501 10005 100 483688 1004781176 2798613 408180
350 0b001d01 0b001c01 10002 100 618702 1005177045 2416176 521321
414 0b001801 0b001b01 10004 100 791889 1006238295 1361987 666445
445 0b001c01 0b000801 10001 100 65608 1006802847 811105 65184
460 0b001501 0b001701 10010 100 56495 1007024196 595156 50200
426 0b000501 0b001a01 10000 100 553385 1006559574 1070084 473950
488 0b000601 0b000501 10006 100 71427 1007376480 292212 62715
468 0b000401 0b000501 10002 100 324074 1007070884 608884 274447
480 0b001d01 0b001b01 10000 100 132070 1007182794 512918 117224
479 0b001701 0b001401 10004 100 112932 1007169600 532364 97477
463 0b000801 0b000b01 10002 100 400225 1007033817 693842 338256
438 0b001c01 0b001d01 10002 100 446547 1006682290 1060319 377061
95 0b000801 0b001601 10000 100 487458 1001315293 6444047 418700
504 0b001f01 0b001c01 10003 100 104431 1007490133 279319 90372
451 0b001301 0b001201 10003 100 294436 1006913490 886161 249596
388 0b001401 0b000c01 10000 100 365752 1005802982 2031220 316699
465 0b001f01 0b001e01 10002 100 418315 1007046302 827813 353412
473 0b001801 0b001b01 10006 100 294494 1007118064 765466 249643
501 0b000a01 0b001601 10000 100 79762 1007480037 411136 77039
444 0b000e01 0b000c01 10004 100 334101 1006800713 1111636 282848
398 0b001b01 0b001801 10001 100 1032699 1005901995 2018126 868251
505 0b000b01 0b000901 10003 100 349969 1007504857 446762 296113
516 0b001801 0b001a01 10003 100 183076 1007734610 252829 156290
319 0b001001 0b001201 10001 100 607525 1004702812 3296638 511962
521 0b000a01 0b000b01 10004 100 84035 1007812992 187947 73296
475 0b001401 0b001701 10005 100 113191 1007142286 863932 97722
32 0b001201 0b001501 10000 100 480118 1000546971 7485471 408886
393 0b001c01 0b000c01 10000 100 227861 1005875177 2172140 201142
514 0b001601 0b001401 10003 100 128322 1007728042 336642 110397
405 0b001101 0b001301 10005 100 659597 1006020873 2067881 555595
542 0b001b01 0b001001 10000 100 10484 1008030972 66091 15319
499 0b001901 0b000e01 10000 100 104507 1007455699 644936 97785
456 0b000c01 0b000e01 10004 100 616659 1006975539 1137248 519611
285 0b001501 0b001701 10004 100 523040 1004117893 4006742 441182
522 0b000401 0b000501 10003 100 144963 1007826982 311893 124318
372 0b001701 0b001501 10004 100 650542 1005649972 2500709 548009
433 0b001601 0b001501 10007 100 444440 1006641761 1516520 375300
217 0b001001 0b001501 10000 100 241395 1003151208 5007481 208826
344 0b001301 0b000f01 10000 100 233128 1005131641 3032907 205584
541 0b000101 0b000301 10003 100 198779 1008029327 203272 169423
534 0b001c01 0b001101 10000 100 60975 1007952845 280126 57612
379 0b001b01 0b001d01 10000 100 935930 1005684890 2635117 790826
471 0b001001 0b001e01 10000 100 105537 1007105665 1222940 94971
510 0b001d01 0b001e01 10005 100 279372 1007629224 716451 236975
280 0b001501 0b001601 10002 100 558243 1004070821 4321953 470674
545 0b000b01 0b000801 10004 100 124063 1008088321 312337 106838
148 0b001201 0b000f01 10000 100 435213 1002097372 6328187 374928
490 0b001c01 0b001d01 10004 100 414125 1007382558 1049717 349908
